000820090500000000308040007100000040006402503000090010093004000004035200000700900

000260701680070090190004500820100040004602900050003028009300074040050036703018000

000050000906000307000409000010000050200607001040000090000701000709000206000030000

000000000000003085001020000000507000004000100090000000500000073002010000000040009

000000000003120800004006000000300090100000704890000105500008609080090070300670000

400009020009082000000000600090008003000250000040070008080700000130006700200015800

000840009001000005800021460708000090000000000050000301024910007900000500300084000

800000000003600000070090200050007000000045700000100030001000068008500010090000400

088000000003600000070090200050007000000045700000100030001000068008500010090000400

100007090030020008009600500005300900010080002600004000300000010040000007007000300